1,13
2,13
3,13
4,13
5,13
6,13
,14
,14
,15
,15
,16
,16
,16
,17
,17
2,17
,17
3,17
,17
,18
,18
,18
,19
,19
6,19
,19
,19
,20
,20
,21
5,21
6,21
,21
7,21
8,21
,22
,22
,22
2,23
,23
,23
7,23
,23
16,23
,24
,24
,24
,25
,25
118,25
,25
,25
20,25
110,26
,26
22,26
111,27
23,27
24,27
,28
25,29
26,29
27,29
284,29
29,29
30,29
31,29
32,29
33,29
34,29
35,29
36,29
37,30
38,30
39,30
40,30
1,30
2,30
43,30
44,30
45,30
0,30
47,30
48,30
49,30
50,30
51,30
52,30
53,31
54,31
55,31
56,31
57,31
58,31
59,31
60,31
61,31
62,31
63,31
64,31
65,31
66,31
67,31
68,31
69,31
70,31
71,32
12,32
13,32
74,32
15,32
76,32
7,32
8,32
79,32
80,32
81,32
82,32
83,32
84,32
85,32
,33
87,33
,33
89,33
90,33
91,33
92,33
93,33
,33
,33
,33
7,33
98,33
199,33
100,33
101,34
102,34
,34
104,34
105,34
,34
107,34
108,34
109,34
,35
111,35
112,35
113,35
,35
115,35
116,35
117,36
118,36
119,36
120,36
,36
122,36
123,36
124,37
125,37
126,37
2127,37
,37
,37
,38
,38
,38
,38
,38
1,39
,40
,40
,40
5,40
5,40
,40
,40
,40
20,40
7,41
,41
145,41
146,41
,42
,42
,42
150,42
,42
152,42
153,42
,43
1155,43
156,43
,43
158,43
159,43
,43
,43
,44
,45
32,46
,47
17,49
2,49
3,49
4,49
,50
,50
,51
,51
,51
,52
,52
,52
,53
,53
2,53
,54
,54
,54
74,54
3,55
,55
,55
,55
,55
,55
,56
1,56
,57
,57
,57
,57
10,57
11,57
,58
,58
,58
,58
2,59
,59
13,59
,59
,59
15,59
,60
,60
17,60
18,60
19,60
2,61
,61
21,61
22,61
,61
,62
25,63
26,63
27,63
28,63
29,63
30,63
,64
32,64
,64
,64
35,64
,64
,64
,64
,64
40,65
41,65
42,65
3,65
4,65
47,65
48,65
49,65
50,65
,66
524,66
153,66
54,66
55,66
56,66
,66
58,66
59,66
60,66
61,66
62,66
,67
,67
65,67
66,67
,67
,67
69,67
70,67
71,67
72,67
73,67
74,67
15,67
76,67
,67
18,68
79,68
80,68
81,68
82,68
83,68
84,68
85,68
,68
,68
88,68
89,68
90,69
91,69
,69
,69
4,69
195,69
96,69
97,69
98,69
,69
100,69
101,69
,69
,70
,70
,70
106,70
,71
,72
01072,72
72,72
3,72
,72
3429,72
26142,72
13,72
100,72
0,72
,73
117,73
,73
119,73
,73
,73
122,74
,74
,74
,74
,74
,74
,74
1129,75
130,75
,75
132,75
133,75
,76
,76
1361,76
,76
138,76
,76
,78
,79
,81
,81
3,81
,81
5,81
4,82
,83
,83
,84
,84
,85
,85
2,85
,85
3,85
,85
,86
,86
,86
,87
5,87
6,87
,87
,87
,88
,88
10,88
,89
,89
12,89
13,89
14,89
49,90
15,91
16,91
19,91
20,91
21,91
22,91
23,91
24,91
25,91
26,91
,92
28,92
29,92
1,92
31,92
32,92
33,92
,92
35,92
36,93
37,93
38,93
39,93
7,93
8,93
7,93
8,93
4,93
5,93
6,93
47,93
48,93
49,93
50,94
51,94
52,94
53,94
54,94
55,94
56,94
57,94
58,94
,95
60,95
61,95
62,95
163,95
64,95
65,95
66,95
,95
68,96
69,96
70,96
1,96
72,97
,97
7,97
15,97
76,97
7,97
,98
,98
80,98
,98
82,98
,99
,100
,100
,100
221,100
4,100
,100
23,100
,100
,101
91,101
,101
,101
,102
,102
96,102
,102
98,102
,102
,102
101,103
,103
,103
,103
105,103
,103
,104
,105
,106
,109
27,109
3,109
,109
,109
,110
,110
,111
,111
,112
,112
,113
,113
,113
,114
,114
,115
,115
,115
,115
5,115
,115
,116
,116
1,117
,117
,117
,118
,118
10,118
,119
,119
12,119
,120
13,121
14,121
22,122
23,122
24,122
25,122
26,122
27,122
28,122
,123
30,123
310,123
32,123
1,123
34,123
35,123
36,123
,123
38,123
39,123
40,124
43,124
44,124
45,124
,125
,125
,125
50,125
,125
52,125
53,125
,126
155,126
56,127
,127
,127
59,127
60,127
,128
62,128
63,128
,129
,130
,130
,130
,130
7,130
1,130
2,130
,130
,131
,131
,131
,131
,131
,131
,132
,132
,132
,132
,132
82,133
92,133
,133
85,133
86,133
,134
,135
,137
,137
7,137
,137
5,137
,138
,138
,139
,139
,140
,140
4,140
,141
,141
2,141
,141
,141
,141
,142
,142
,142
,143
5,143
6,143
,143
,143
8,143
,144
,144
,144
,144
,144
,145
,145
110,145
2,145
,145
12,145
,146
,146
,146
17,147
,147
14,147
,147
,147
16,147
,148
,148
,148
,149
,149
18,149
110,149
,149
20,149
,150
,150
22,150
112,151
,151
24,151
,152
25,153
26,153
27,153
28,153
29,153
30,153
310,153
32,153
33,153
34,153
35,153
36,153
37,153
38,153
39,153
40,154
6,154
7,154
8,154
49,154
50,154
51,154
52,155
53,155
54,155
55,155
56,155
57,155
58,155
59,155
60,155
61,155
62,155
63,155
64,155
65,155
66,156
,156
68,156
690,156
70,156
11,156
,156
,156
,156
15,156
76,157
,157
78,157
79,157
80,157
81,157
82,157
83,157
84,157
85,157
86,157
,158
,158
189,158
90,158
,158
92,158
93,158
,158
195,158
96,158
97,158
198,158
99,159
100,159
101,159
102,159
103,159
1104,159
105,159
106,159
107,159
,159
109,159
,159
,160
,160
,160
,160
,160
116,160
,161
,163
128,163
129,163
130,163
,163
132,164
,164
,164
1135,164
136,164
,164
1129,164
,164
,164
4,165
5,165
143,165
144,165
1,165
2,165
,166
,167
3,167
,169
2,169
,169
4,169
5,169
,169
7,169
,170
5,171
,172
,172
,172
,172
,172
,172
,173
,173
2,173
,173
3,173
,173
,174
,174
,174
,175
5,175
6,175
,175
,175
8,175
,176
,176
,176
,177
9,177
10,177
,177
,177
12,177
,178
,178
,178
,179
,179
14,179
,179
,179
,179
,180
,180
18,180
110,181
,181
20,181
0,182
,183
22,183
23,183
,183
25,183
26,183
,183
28,183
291,184
30,184
31,184
32,184
33,184
34,184
35,184
361,184
37,184
38,184
394,184
40,184
41,184
2,184
3,184
4,184
46,184
47,184
48,184
49,185
50,185
51,185
52,185
53,185
54,185
55,185
56,185
57,185
58,185
59,185
60,185
61,185
62,185
63,186
64,186
65,186
66,186
67,186
68,186
69,187
,187
71,187
,187
,188
,188
,188
76,188
,188
78,189
79,189
80,189
81,189
82,189
83,190
84,190
185,190
,190
87,190
,191
189,191
90,191
91,191
92,191
93,192
,192
95,192
96,192
97,192
,192
0,193
,194
99525,194
,194
,194
14,194
27,194
1272,194
0,194
106,195
107,195
,195
109,195
,196
,196
1121,196
,196
,196
,197
,197
,197
,197
,197
120,197
,197
122,197
4,198
5,199
,200
,201
,203
2,203
3,203
,203
5,203
,204
,204
,205
,206
,206
,206
,207
,207
2,207
3,207
,207
,207
5,207
,208
,208
,208
3,209
641,209
7,209
,209
,209
,209
,210
,210
,211
,211
11,211
,211
,211
13,211
,212
141,212
15,212
16,212
17,212
,213
,213
119,213
,214
20,214
21,214
10,215
,215
23,215
2,215
25,215
26,215
27,215
,216
28,217
29,217
30,217
310,217
32,217
33,217
,217
35,217
36,217
1,218
38,218
39,218
40,218
42,218
43,218
44,218
5,218
46,218
47,218
,219
49,219
50,219
51,219
52,219
153,219
54,219
,219
56,219
57,219
,219
59,220
60,220
61,220
162,220
63,220
64,220
65,220
,220
,220
68,220
69,220
70,221
,221
,221
73,221
74,221
15,221
76,222
77,222
,222
,222
80,222
81,222
82,222
83,222
84,222
85,222
,222
87,223
88,223
89,223
90,223
191,223
192,223
93,224
94,224
95,224
96,224
97,224
98,224
99,224
,225
10290,225
,225
1041,225
,225
,226
,226
,227
,228
7,228
,228
2601,228
3,228
,228
11122,228
11,228
11,228
,229
,229
118,229
,229
,229
,229
122,230
,230
,230
,230
126,231
,231
,231
129,232
130,232
131,232
132,232
133,232
,232
1135,232
136,233
,233
,233
,233
1407,233
141,233
,234
,235
3,236
1,239
222,239
3,239
4,239
5,239
,240
,241
,241
,241
,242
,242
,242
,243
,243
2,243
,243
3,243
4,243
,244
,244
,244
,244
,244
,245
5,245
6,245
28,245
,245
8,245
,246
,246
015,246
,246
,247
,247
1109,247
2,247
11,247
12,247
,248
,248
,248
17,249
,249
,249
,249
,249
16,249
,250
,250
,250
110,251
,251
20,251
,252
21,253
22,253
23,253
24,253
25,253
26,253
27,253
,254
33,254
,254
35,254
36,254
,254
38,254
39,254
40,254
41,255
2,255
3,255
44,255
45,255
46,255
47,255
48,255
49,255
50,255
51,255
52,255
53,255
54,255
55,255
56,255
57,255
58,255
59,255
60,256
61,256
62,256
63,256
64,256
65,256
66,256
67,256
68,256
69,256
70,256
6,256
7,256
751,257
16,257
7,257
78,257
79,257
80,257
,257
82,257
83,258
,258
185,258
86,258
,258
,258
89,258
190,258
,258
192,258
93,258
94,258
95,258
96,258
97,258
98,258
99,258
100,259
101,259
102,259
103,259
104,259
105,259
106,259
107,259
108,260
109,260
110,260
,260
112,260
113,260
114,260
115,260
116,260
,260
118,260
119,260
120,260
121,260
122,261
123,261
124,261
,261
,261
127,261
128,261
,262
,262
,262
,263
336220,264
336221,264
336222,264
13935,264
13936,264
2,264
,265
142,265
,265
,265
,266
,266
,266
,266
,266
150,266
,267
152,267
,267
,267
155,267
156,267
,267
158,267
,268
1160,268
161,268
,268
1,268
,268
,269
,269
,269
,269
,270
,271
,272
,273
1,277
,277
3,277
,277
5,277
,277
,278
,278
,278
,279
,279
,280
,280
,280
111,280
,280
23,280
,281
,281
2,281
,281
,281
,281
,282
,282
7,282
,282
,282
3,283
5,283
6,283
14,283
,283
,283
,284
,284
,284
9,285
10,285
11,285
12,285
13,285
,286
,286
,286
,286
,287
,287
15,287
,287
,287
17,287
18,287
19,287
9,288
20,288
21,288
22,288
10,289
,289
24,289
25,289
,290
26,291
,291
28,291
29,291
30,291
,291
32,291
33,291
,292
35,292
36,292
37,292
,292
139,292
40,292
,292
42,292
43,292
,292
45,292
46,292
47,292
48,292
49,292
50,292
51,293
52,293
,293
54,293
55,293
56,293
57,293
58,293
,293
60,293
61,293
62,293
63,293
64,293
,294
66,294
67,294
68,294
69,294
70,294
,294
72,294
75,294
76,294
77,294
78,294
79,295
80,295
,295
82,295
83,295
,295
85,295
86,295
87,295
88,296
89,296
90,296
91,296
192,296
93,296
94,296
95,296
96,296
97,296
98,296
99,297
100,297
101,297
,297
103,297
104,297
105,298
,298
,298
,298
,298
,299
73,294
7,294
,300
,300
1,300
,300
131,300
116,300
1115,300
,300
,301
118,301
119,301
120,301
,301
122,302
123,302
,302
125,302
126,302
,303
128,303
129,303
130,303
,304
,305
,305
1,307
,307
3,307
4,307
,308
,308
9,309
,309
,310
,310
,310
,310
,310
,310
,311
,311
2,311
2,311
,311
,311
,312
,312
1,312
,312
,313
5,313
6,313
,313
,313
3,313
,314
,314
10,314
,315
11,315
12,315
,315
,315
14,315
,316
,317
,317
,317
,317
,317
20,317
,317
,318
23,318
,318
25,318
26,318
,318
,318
,318
,318
31,318
32,319
,319
,319
35,319
,319
37,319
38,319
39,319
40,319
41,319
42,319
43,319
44,319
5,319
46,320
47,320
48,320
49,320
50,320
1,320
52,320
53,320
54,320
55,321
56,321
57,321
58,321
59,321
,321
,321
,321
63,321
,322
65,322
66,322
67,322
68,322
69,322
70,322
,322
72,322
73,322
74,323
75,323
76,323
7710,323
,324
1,324
80,324
,324
82,324
83,324
,325
92213202,326
92213203,326
92213204,326
,327
,327
,327
97,327
,327
199,328
100,328
,328
102,328
103,328
,328
105,329
,329
,329
108,329
109,329
110,329
,330
,330
,331
,331
115,331
116,331
,332
,332
3,333
,333
17,335
2,335
3,335
,335
,336
,336
,337
,338
2,338
,338
,338
,339
1,339
2,339
,339
3,339
4,339
,340
,340
,340
92,340
,340
,340
,340
,341
5,341
6,341
,341
,341
,341
,342
,342
,342
,342
,342
,343
9,343
10,343
,343
11,343
12,343
7,344
,344
14,344
,345
,345
,345
17,345
,346
,347
19,347
20,347
,347
22,347
23,347
,347
25,347
,348
27,348
28,348
,348
30,348
31,348
32,348
,348
34,348
35,348
36,349
37,349
38,349
39,349
40,349
1,349
2,349
44,349
45,349
46,349
47,349
48,349
49,350
50,350
51,350
52,350
,350
,350
55,350
56,350
57,350
58,351
59,351
60,351
,351
62,351
63,351
64,351
65,352
66,352
67,352
68,352
69,352
,352
71,352
72,352
73,352
7,352
75,352
76,353
,353
78,353
19,353
80,353
81,353
82,353
,353
84,353
85,354
86,354
87,354
,354
189,354
90,354
,354
92,354
,355
,356
,356
,356
,356
96,356
,356
,356
7,356
100,357
101,357
102,357
103,357
104,357
105,357
106,357
,357
,357
109,357
,357
,357
,358
113,358
114,358
115,358
,358
,358
,358
1119,358
120,358
,358
122,359
123,359
124,359
125,359
126,359
127,359
1128,359
129,359
130,359
131,359
132,359
12,359
13,359
,360
,360
3,361
,365
,365
,365
,365
,366
,366
,367
,367
,368
,368
,369
1,369
2,369
,370
1,370
,370
,370
,371
,371
,371
,372
,372
,373
,373
6,373
,373
,373
,373
,374
,374
,375
9,375
10,375
,376
,376
,376
,377
11,377
12,377
7,377
,377
14,377
,378
,378
,378
,379
,379
18,379
110,379
,379
20,379
,380
,381
22,381
23,381
2,381
25,381
26,381
27,381
28,381
29,381
30,381
,381
,382
33,382
34,382
,382
36,382
37,382
3801,383
3802,383
4020,383
41,383
42,383
43,383
44,383
45,383
46,383
7,383
48,383
,384
150,384
,384
52,384
53,384
,384
55,384
56,384
57,385
58,385
59,385
60,385
,385
62,385
63,385
10,385
,385
66,385
67,385
68,385
169,385
70,386
71,386
,386
73,386
74,386
75,386
76,386
1,387
,387
79,387
80,387
81,387
,387
83,388
84,388
85,388
86,388
87,388
88,388
89,388
90,388
91,389
192,389
,389
94,389
195,389
,389
,389
98,389
99,389
,390
101,390
102,390
103,390
,390
1105,390
106,390
107,390
108,390
109,391
110,391
111,391
112,391
,391
114,391
115,392
116,392
,392
,392
,392
,393
,394
12,394
12,394
12,394
12,394
12,394
12,394
12,394
22,394
30,394
129,395
,395
,395
,395
133,396
,396
,396
,396
,397
,397
139,397
,397
141,397
,398
,399
,400
,401
1,403
,403
,403
,403
5,403
,404
7,404
,405
,405
,406
,406
,406
11,407
,407
,407
,407
,407
,407
,408
,408
,408
,408
2,409
,409
6,409
,409
7,409
,409
,410
,410
2,411
9,411
10,411
77,412
,412
,413
11100,413
12,413
17,413
13,413
,413
,414
,414
16,414
2,415
,415
18,415
,416
19,417
20,417
21,417
22,417
23,417
24,417
25,417
26,417
27,417
28,417
29,417
30,417
31,417
32,417
33,417
34,417
,418
36,418
37,418
38,418
39,418
40,418
41,418
42,418
,418
44,418
4,418
6,418
7,419
,419
,419
50,419
51,419
52,419
53,419
54,419
55,419
,419
57,419
58,420
59,420
60,420
61,420
,420
63,420
64,420
65,420
66,420
67,420
68,420
69,420
10,420
71,420
,420
73,420
74,421
,421
76,421
77,421
,421
79,421
80,421
81,422
82,422
83,422
,422
85,422
86,422
,422
88,423
89,423
90,423
,423
92,423
,423
,424
195,424
,424
97,424
98,424
,424
100,425
101,425
102,425
103,425
,425
105,425
106,425
107,426
108,426
109,426
110,426
,426
112,426
,426
114,426
115,427
116,427
117,427
118,427
119,427
120,427
121,427
122,427
123,427
124,428
,428
,428
127,428
,429
4,430
0,430
0,430
0,430
0,430
0,430
,430
,430
,430
,430
137,431
138,431
,431
,431
141,432
162,432
,432
,432
,432
146,432
,432
,433
,433
,433
,433
,433
,433
,433