1.0-v
1,16,60005
,16,60006
3,16,60007
4,16,60008
570,16,60009
6,16,60010
7,16,60011
8,16,60012
9,16,60013
,16,60014
,16,60015
,16,60016
85,16,60017
1491,16,60018
,17,60019
,17,60020
,17,60021
18,17,60022
,17,60023
25,17,60024
21,17,60025
22,17,60026
,17,60027
,17,60028
25,17,60029
,18,60030
54,18,60031
55,18,60032
,18,60033
307,18,60034
315,18,60035
,18,60036
,18,60037
34,18,60038
8,18,60039
36,18,60040
3785,18,60041
,18,60042
395,18,60043
40,18,60044
,18,60045
,19,60046
,19,60047
,19,60048
,19,60049
,19,60050
11,19,60051
48,19,60052
,19,60053
,19,60054
5179,19,60055
,19,60056
,20,60057
,20,60058
,20,60059
,20,60060
57,20,60061
,20,60062
59,20,60063
,22,60064
,22,60065
,23,60066
,23,60067
,24,60068
,24,60069
,24,60070
,25,60071
,25,60072
,25,60073
,26,60074
,26,60075
,26,60076
,26,60077
,26,60078
,26,60079
,26,60080
1,27,60081
212,27,60082
3,27,60083
4,27,60084
5,27,60085
6,27,60086
7,27,60087
8,27,60088
9,27,60089
10,27,60090
,27,60091
,27,60092
137,27,60093
,27,60094
,27,60095
,28,60096
,28,60097
,28,60098
,28,60099
,28,60100
,28,60101
227,28,60102
,28,60103
,28,60104
,28,60105
,28,60106
27,28,60107
,28,60108
,28,60109
,29,60110
,29,60111
,29,60112
,29,60113
,29,60114
,29,60115
,29,60116
37,29,60117
,30,60118
,30,60119
,30,60120
,30,60121
,30,60122
,30,60123
,30,60124
45,30,60125
7,30,60126
47,30,60127
48,30,60128
,30,60129
,30,60130
,30,60131
,30,60132
,31,60133
,31,60134
,31,60135
,31,60136
57,31,60137
78,31,60138
,31,60139
,31,60140
1,31,60141
,31,60142
63,31,60143
,32,60144
,32,60145
,32,60146
,32,60147
,32,60148
,32,60149
,32,60150
,32,60151
,33,60152
,33,60153
,33,60154
,33,60155
768,33,60156
6,33,60157
,34,60158
,34,60159
,34,60160
,36,60161
,36,60162
,37,60163
,38,60164
,38,60165
,38,60166
,39,60167
,39,60168
,39,60169
,40,60170
,40,60171
,40,60172
,40,60173
,40,60174
,40,60175
,40,60176
,41,60177
2,41,60178
,41,60179
4,41,60180
,41,60181
6,41,60182
7,41,60183
,42,60184
9,42,60185
,42,60186
,42,60187
,42,60188
,42,60189
,42,60190
,43,60191
,43,60192
,43,60193
,43,60194
,43,60195
,43,60196
,43,60197
,43,60198
,43,60199
,43,60200
,43,60201
,44,60202
27,44,60203
,44,60204
29,44,60205
,44,60206
,44,60207
,44,60208
17,44,60209
,45,60210
,45,60211
,45,60212
,45,60213
,45,60214
,45,60215
,45,60216
,45,60217
,45,60218
,45,60219
,46,60220
,46,60221
,46,60222
,46,60223
,46,60224
,46,60225
,46,60226
,47,60227
,47,60228
,47,60229
,47,60230
,47,60231
,47,60232
3,47,60233
,48,60234
,48,60235
,50,60236
,50,60237
,51,60238
,52,60239
,52,60240
,52,60241
,52,60242
,53,60243
,53,60244
,54,60245
,54,60246
,54,60247
5,54,60248
,54,60249
,54,60250
,54,60251
1,55,60252
2,55,60253
3,55,60254
4,55,60255
5,55,60256
,55,60257
7,55,60258
89,55,60259
,55,60260
,55,60261
,55,60262
,55,60263
,56,60264
,56,60265
155,56,60266
,56,60267
,56,60268
,56,60269
,56,60270
,56,60271
215,56,60272
22,56,60273
,56,60274
,56,60275
15365,56,60276
,57,60277
27,57,60278
,57,60279
,57,60280
,57,60281
,57,60282
,57,60283
,58,60284
,58,60285
,58,60286
,58,60287
,58,60288
38,58,60289
39,58,60290
40,58,60291
,58,60292
,59,60293
43,59,60294
,59,60295
45,59,60296
46,59,60297
47,59,60298
,59,60299
,59,60300
,59,60301
,59,60302
,60,60303
,60,60304
,60,60305
,60,60306
,60,60307
57,60,60308
,60,60309
59,60,60310
,60,60311
,61,60312
,61,60313
,61,60314
,61,60315
,61,60316
,62,60317
,62,60318
,64,60319
,64,60320
,65,60321
,65,60322
,66,60323
,66,60324
,66,60325
,67,60326
,67,60327
,67,60328
,68,60329
,68,60330
,68,60331
,68,60332
,68,60333
,68,60334
,68,60335
16,69,60336
,69,60337
345,69,60338
4,69,60339
5,69,60340
6,69,60341
785,69,60342
8,69,60343
,69,60344
43,69,60345
43,69,60346
87,69,60347
13,69,60348
14,70,60349
,70,60350
,70,60351
17,70,60352
,70,60353
,70,60354
20,70,60355
210,70,60356
,70,60357
,70,60358
,70,60359
86,70,60360
,70,60361
,71,60362
,71,60363
,71,60364
30,71,60365
315,71,60366
320,71,60367
,71,60368
,72,60369
,72,60370
,72,60371
,72,60372
,72,60373
,72,60374
7,72,60375
41,72,60376
,72,60377
43,72,60378
,72,60379
,73,60380
46,73,60381
47,73,60382
,73,60383
,73,60384
50,73,60385
510,73,60386
,73,60387
,74,60388
,74,60389
,74,60390
,74,60391
,74,60392
58,74,60393
,74,60394
,75,60395
,75,60396
,75,60397
,75,60398
64,75,60399
3730,76,60400
1,76,60401
21,76,60402
,78,60403
,78,60404
,79,60405
,79,60406
,80,60407
,80,60408
,81,60409
,81,60410
,82,60411
,82,60412
,82,60413
,82,60414
,82,60415
,82,60416
,82,60417
6,82,60418
,83,60419
2,83,60420
34,83,60421
,83,60422
52,83,60423
6107,83,60424
,83,60425
,83,60426
9,83,60427
,83,60428
,83,60429
12,84,60430
13,84,60431
,84,60432
,84,60433
16,84,60434
,84,60435
,84,60436
,84,60437
20,84,60438
,84,60439
,85,60440
230,85,60441
,85,60442
,85,60443
,85,60444
27,85,60445
,85,60446
,85,60447
,85,60448
315,85,60449
3254,85,60450
,85,60451
,85,60452
,86,60453
,86,60454
37,86,60455
,86,60456
39,86,60457
40,86,60458
,86,60459
,86,60460
,86,60461
,86,60462
145,86,60463
,86,60464
,87,60465
,87,60466
33,87,60467
,87,60468
51,87,60469
,87,60470
,87,60471
544,87,60472
,87,60473
56,87,60474
,88,60475
,88,60476
598,88,60477
,88,60478
,88,60479
,89,60480
,89,60481
,89,60482
,89,60483
,89,60484
6780,89,60485
,89,60486
69,89,60487
,90,60488
,90,60489
,92,60490
,92,60491
,93,60492
,93,60493
,94,60494
,94,60495
,94,60496
,94,60497
,94,60498
,94,60499
1,95,60500
2,95,60501
3,95,60502
4,95,60503
5,95,60504
6,95,60505
7,95,60506
8,95,60507
,95,60508
,95,60509
,95,60510
12,96,60511
,96,60512
140,96,60513
15,96,60514
,96,60515
,96,60516
,96,60517
,96,60518
20,96,60519
,96,60520
,96,60521
,96,60522
,97,60523
,97,60524
,97,60525
,97,60526
,97,60527
,97,60528
,97,60529
31,97,60530
9,97,60531
,97,60532
,98,60533
,98,60534
,98,60535
37,98,60536
,98,60537
,98,60538
,98,60539
,98,60540
36,99,60541
,99,60542
,99,60543
45,99,60544
,99,60545
147,99,60546
,99,60547
,99,60548
,99,60549
,99,60550
,100,60551
,100,60552
,100,60553
,100,60554
,101,60555
,101,60556
,101,60557
,101,60558
,101,60559
,101,60560
62,101,60561
,101,60562
644,101,60563
1,102,60564
,102,60565
6,104,60566
,104,60567
,105,60568
,105,60569
,106,60570
,106,60571
1,107,60572
,107,60573
,107,60574
,107,60575
,107,60576
1,108,60577
26,108,60578
3,108,60579
4,108,60580
5,108,60581
6,109,60582
,109,60583
8,109,60584
9,109,60585
,110,60586
,110,60587
120,110,60588
,110,60589
14,111,60590
,111,60591
,111,60592
1,111,60593
,112,60594
,112,60595
20,112,60596
218,112,60597
22,113,60598
231,113,60599
24,113,60600
,114,60601
,114,60602
,116,60603
,117,60604
,117,60605
,117,60606
,117,60607
,117,60608
1,118,60609
,118,60610
3,118,60611
4,118,60612
5,118,60613
6,118,60614
7,119,60615
8,119,60616
,119,60617
,119,60618
115,119,60619
,119,60620
1130,119,60621
6,119,60622
,120,60623
,120,60624
,120,60625
,120,60626
19,120,60627
20,120,60628
218,120,60629
,122,60630
,122,60631
,122,60632
,123,60633
,123,60634
,123,60635
,124,60636
,124,60637
,124,60638
,124,60639
1,125,60640
,125,60641
3,125,60642
4,125,60643
5,125,60644
6,125,60645
7,126,60646
8,126,60647
,126,60648
,126,60649
,126,60650
6,126,60651
,126,60652
14,126,60653
8,127,60654
16,127,60655
17,127,60656
,127,60657
,127,60658
,127,60659
,128,60660
,128,60661
,128,60662
,128,60663
,128,60664
,128,60665
,129,60666
,129,60667
,129,60668
,129,60669
,129,60670
,129,60671
,129,60672
,129,60673
1,129,60674
,130,60675
,130,60676
,130,60677
,130,60678
,130,60679
,130,60680
,130,60681
,131,60682
,131,60683
,131,60684
,131,60685
1,132,60686
,132,60687
,134,60688
,134,60689
,135,60690
,135,60691
,136,60692
,136,60693
,137,60694
,137,60695
,138,60696
,138,60697
,138,60698
,138,60699
,138,60700
,139,60701
2,139,60702
325,139,60703
,139,60704
,139,60705
6,139,60706
7,139,60707
8,140,60708
9,140,60709
,140,60710
11,140,60711
,140,60712
,140,60713
00,141,60714
,141,60715
167,141,60716
,141,60717
,141,60718
,141,60719
,141,60720
,141,60721
,142,60722
,142,60723
,142,60724
,142,60725
,142,60726
27,142,60727
,142,60728
,142,60729
,142,60730
31,143,60731
,143,60732
335,143,60733
,143,60734
35,143,60735
,143,60736
37,143,60737
,143,60738
,144,60739
,144,60740
,144,60741
,144,60742
,144,60743
,145,60744
,145,60745
,145,60746
,146,60747
,146,60748
,148,60749
,148,60750
,149,60751
,149,60752
,150,60753
,150,60754
,150,60755
1,150,60756
7,151,60757
,151,60758
,151,60759
,152,60760
,152,60761
,152,60762
2,152,60763
3,152,60764
4,152,60765
5,152,60766
,152,60767
1,153,60768
,153,60769
3,153,60770
4,153,60771
5,153,60772
6,153,60773
7,153,60774
8,153,60775
9,154,60776
,154,60777
,154,60778
,154,60779
,154,60780
,154,60781
,154,60782
,154,60783
17,154,60784
,154,60785
,155,60786
,155,60787
215,155,60788
,155,60789
,155,60790
,155,60791
,155,60792
26,156,60793
,156,60794
,156,60795
29,156,60796
,156,60797
,156,60798
,157,60799
,157,60800
,157,60801
,157,60802
,157,60803
37,157,60804
,157,60805
,157,60806
,157,60807
415,157,60808
18,158,60809
,158,60810
,158,60811
,158,60812
,158,60813
,158,60814
,158,60815
,159,60816
,159,60817
3,159,60818
,159,60819
,160,60820
,160,60821
,162,60822
,162,60823
,163,60824
,163,60825
,164,60826
,164,60827
,165,60828
,166,60829
64,166,60830
,166,60831
4,166,60832
,167,60833
2,167,60834
3,167,60835
4,167,60836
5,167,60837
6,168,60838
7,168,60839
8,168,60840
9,168,60841
,168,60842
,168,60843
,169,60844
13,169,60845
145,169,60846
,169,60847
,169,60848
171,169,60849
,169,60850
,169,60851
,169,60852
,170,60853
,170,60854
23,170,60855
,170,60856
,170,60857
,170,60858
,170,60859
,170,60860
,171,60861
,171,60862
,171,60863
,171,60864
,171,60865
34,171,60866
,171,60867
,171,60868
,172,60869
,172,60870
,172,60871
,172,60872
41,172,60873
,172,60874
,172,60875
,173,60876
,173,60877
,173,60878
,173,60879
,173,60880
1,174,60881
,174,60882
,176,60883
,176,60884
,177,60885
,177,60886
,178,60887
,178,60888
,178,60889
,179,60890
,179,60891
,179,60892
,179,60893
,180,60894
,180,60895
65,180,60896
6,180,60897
,180,60898
,180,60899
,181,60900
,181,60901
3,181,60902
4,181,60903
5,181,60904
6,181,60905
7,181,60906
8,182,60907
9,182,60908
,182,60909
,182,60910
,182,60911
,182,60912
,182,60913
,182,60914
,183,60915
170,183,60916
,183,60917
,183,60918
,183,60919
,183,60920
,183,60921
,184,60922
24,184,60923
,184,60924
,184,60925
27,184,60926
,184,60927
29,184,60928
,184,60929
,185,60930
,185,60931
,185,60932
,185,60933
,185,60934
,185,60935
37,185,60936
,186,60937
,186,60938
,186,60939
,186,60940
,186,60941
,186,60942
3,186,60943
,187,60944
,187,60945
3,187,60946
,187,60947
,187,60948
,188,60949
,188,60950
,188,60951
,190,60952
,190,60953
,191,60954
,191,60955
,191,60956
,192,60957
,192,60958
,192,60959
,192,60960
1,193,60961
2,193,60962
3,193,60963
4,193,60964
5,193,60965
6,193,60966
7,194,60967
8,194,60968
,194,60969
,194,60970
,194,60971
,194,60972
,194,60973
,194,60974
,195,60975
10,195,60976
,195,60977
,195,60978
,195,60979
,195,60980
,195,60981
,195,60982
23,196,60983
24,196,60984
25,196,60985
26,196,60986
27,196,60987
28,196,60988
29,196,60989
30,196,60990
31,197,60991
32,197,60992
33,197,60993
34,197,60994
