1.0-v
1,15,90000
2,15,90001
3,15,90002
4,15,90003
,16,90006
,16,90007
,17,90008
,17,90009
1,19,90015
2,19,90016
3,19,90017
4,21,90024
5,21,90025
6,21,90026
7,21,90027
7,21,90028
8,21,90029
,22,90030
,22,90031
,22,90032
2,23,90033
9,23,90034
10,23,90035
11,23,90036
11,23,90037
12,23,90038
13,24,90039
13,25,90045
14,25,90046
15,25,90047
15,25,90048
16,25,90049
,26,90050
,26,90051
18,26,90052
310,27,90053
19,27,90054
20,27,90055
,28,90056
21,29,90057
22,29,90058
23,29,90059
24,29,90060
25,29,90061
26,29,90062
27,29,90063
28,29,90064
29,29,90065
30,29,90066
31,29,90067
32,30,90068
33,30,90069
34,30,90070
35,30,90071
36,30,90072
37,30,90073
38,30,90074
39,30,90075
40,30,90076
41,30,90077
42,30,90078
3,30,90079
4,31,90080
65,31,90081
46,31,90082
47,31,90083
48,31,90084
49,31,90085
50,31,90086
51,31,90087
52,31,90088
53,31,90089
54,31,90090
55,31,90091
56,31,90092
57,31,90093
58,31,90094
59,31,90095
60,32,90096
61,32,90097
62,32,90098
163,32,90099
64,32,90100
65,32,90101
66,32,90102
67,32,90103
68,33,90104
69,33,90105
45,33,90106
71,33,90107
72,33,90108
73,33,90109
74,33,90110
75,34,90111
,34,90112
7,34,90113
,35,90114
,35,90115
,35,90116
81,36,90117
82,36,90118
83,36,90119
84,36,90120
85,36,90121
,37,90122
85,38,90131
86,38,90132
87,38,90133
90,38,90136
91,38,90137
9,38,90138
9,38,90139
94,39,90140
95,39,90141
96,39,90142
3,41,90148
4,41,90149
5,41,90150
,42,90151
,42,90152
3,43,90153
,43,90154
,44,90155
,44,90156
,44,90157
,45,90158
,45,90159
2,45,90160
,46,90161
,46,90162
,46,90163
3,47,90165
4,47,90166
5,47,90167
,48,90170
,48,90171
,48,90172
,49,90173
,49,90174
,49,90175
8,51,90180
9,51,90181
10,51,90182
11,51,90183
,52,90184
,52,90185
,53,90186
,53,90187
,53,90188
17,54,90189
,54,90190
15,54,90191
,55,90192
,55,90193
17,55,90194
,56,90195
118,57,90196
119,57,90197
20,57,90198
21,57,90199
22,57,90200
23,57,90201
26,57,90202
25,58,90203
26,58,90204
27,58,90205
28,58,90206
29,58,90207
30,58,90208
31,58,90209
32,58,90210
33,58,90211
34,58,90212
35,58,90213
36,58,90214
37,59,90215
38,59,90216
139,59,90217
40,59,90218
41,59,90219
45,59,90223
46,59,90224
47,60,90225
48,60,90226
49,60,90227
51,60,90229
52,60,90230
53,60,90231
54,60,90232
55,61,90233
56,61,90234
,61,90235
,62,90236
,62,90237
,62,90238
,63,90239
62,63,90240
63,63,90241
,64,90242
,64,90243
66,64,90244
,65,90245
1,66,90252
2,66,90253
24,66,90254
223,66,90255
224,66,90256
729,66,90257
721,66,90258
1,66,90259
0,66,90260
1,66,90261
76,67,90262
77,67,90263
78,67,90264
79,67,90265
2,69,90271
3,69,90272
4,69,90273
5,69,90274
4,70,90275
,70,90276
2,71,90277
,71,90278
285,72,90283
286,73,90284
287,73,90285
2,73,90286
3,73,90287
4,73,90288
4,75,90293
5,75,90294
6,75,90295
7,75,90296
7,75,90297
8,75,90298
,76,90299
,76,90300
,76,90301
28,77,90302
9,77,90303
10,77,90304
11,77,90305
11,77,90306
12,77,90307
6,78,90308
,78,90309
,78,90310
17,79,90311
15,79,90312
16,79,90313
,80,90314
19,81,90317
20,81,90318
21,81,90319
22,81,90320
23,81,90321
24,81,90322
25,81,90323
26,81,90324
27,81,90325
28,81,90326
29,81,90327
30,81,90328
31,82,90329
32,82,90330
33,82,90331
34,82,90332
35,82,90333
36,82,90334
37,82,90335
38,82,90336
39,82,90337
40,82,90338
1,82,90339
42,82,90340
43,82,90341
4,83,90342
5,83,90343
47,83,90345
48,83,90346
49,83,90347
50,83,90348
51,83,90349
52,83,90350
53,83,90351
54,83,90352
55,84,90353
56,84,90354
57,84,90355
58,84,90356
59,84,90357
60,84,90358
61,84,90359
62,84,90360
63,84,90361
64,84,90362
65,84,90363
66,84,90364
67,85,90365
68,85,90366
169,85,90367
10,85,90368
11,85,90369
12,85,90370
,86,90371
,86,90372
,86,90373
,87,90374
410,88,90377
411,88,90378
1,88,90379
1,88,90380
1,88,90381
2,88,90382
7,88,90383
8,88,90384
9,88,90385
7,88,90386
8,88,90387
9,89,90388
87,89,90389
88,89,90390
3,91,90395
4,91,90396
5,91,90397
6,91,90398
,92,90399
,93,90400
0,94,90406
1,95,90407
2,95,90408
2,95,90409
3,95,90410
,96,90413
,96,90414
,96,90415
5,97,90417
6,97,90418
7,97,90419
7,97,90420
8,97,90421
1,98,90422
2,98,90423
944,99,90427
945,99,90428
10,99,90429
2,99,90430
41,99,90431
42,99,90432
,100,90433
,100,90434
14,100,90435
15,101,90436
15,101,90437
16,101,90438
17,101,90439
,102,90440
19,103,90442
20,103,90443
21,103,90444
22,103,90445
23,103,90446
24,103,90447
251,104,90448
26,104,90449
27,104,90450
28,104,90451
29,104,90452
7,104,90453
31,104,90454
32,104,90455
33,104,90456
341,104,90457
35,104,90458
36,104,90459
37,104,90460
38,104,90461
39,104,90462
40,104,90463
1,104,90464
2,104,90465
48,105,90471
49,105,90472
50,105,90473
52,105,90475
53,105,90476
54,105,90477
55,105,90478
56,106,90479
57,106,90480
58,106,90481
59,106,90482
60,107,90483
61,107,90484
162,107,90485
63,107,90486
64,107,90487
65,107,90488
66,108,90489
67,108,90490
68,108,90491
69,108,90492
70,108,90493
10,109,90494
11,110,90503
525,110,90504
14,110,90505
27,110,90506
1,110,90507
2,110,90508
76,110,90509
77,111,90510
3,111,90511
4,111,90512
36,111,90513
37,111,90514
38,113,90515
2,113,90516
3,113,90517
4,113,90518
5,113,90519
6,113,90520
,114,90521
,114,90522
,115,90523
,116,90524
,116,90525
,116,90526
1,117,90528
2,117,90529
3,117,90530
3,117,90531
4,117,90532
2,118,90536
3,119,90537
54,119,90538
55,119,90539
,120,90543
,120,90544
93,121,90545
94,121,90546
10,121,90547
11,121,90548
11,121,90549
12,121,90550
,122,90551
,122,90552
,122,90553
,123,90554
,123,90555
16,123,90556
,124,90557
17,125,90558
18,125,90559
19,125,90560
20,125,90561
21,125,90562
22,125,90563
23,125,90564
24,125,90565
25,125,90566
26,125,90567
27,126,90568
28,126,90569
29,126,90570
30,126,90571
31,126,90572
32,126,90573
33,126,90574
34,126,90575
35,126,90576
36,127,90577
37,127,90578
38,127,90579
39,127,90580
40,127,90581
41,127,90582
42,127,90583
43,127,90584
44,127,90585
45,127,90586
46,127,90587
47,127,90588
48,128,90589
49,128,90590
50,128,90591
51,128,90592
52,128,90593
53,128,90594
54,128,90595
55,128,90596
56,128,90597
57,128,90598
58,128,90599
59,128,90600
60,129,90601
61,129,90602
62,129,90603
63,129,90604
64,129,90605
65,129,90606
66,129,90607
67,129,90608
68,129,90609
69,130,90610
70,130,90611
71,130,90612
12,130,90613
13,130,90614
7,130,90615
75,130,90616
76,130,90617
7,130,90618
78,130,90619
79,131,90620
80,131,90621
81,131,90622
85,132,90626
86,132,90627
87,133,90628
88,133,90629
89,133,90630
90,133,90631
91,134,90632
92,134,90633
93,134,90634
94,134,90635
95,134,90636
,135,90637
2619,136,90640
2620,136,90641
2621,136,90642
122,136,90643
1,136,90644
1,136,90645
2,136,90646
103,136,90647
104,137,90648
105,137,90649
2,139,90654
3,139,90655
4,139,90656
,140,90657
,141,90658
,141,90659
,142,90660
,142,90661
,142,90662
1,143,90664
2,143,90665
3,143,90666
3,143,90667
4,143,90668
4,145,90674
5,145,90675
6,145,90676
7,145,90677
7,145,90678
8,145,90679
9,146,90680
8,147,90684
9,147,90685
10,147,90686
2,147,90687
3,147,90688
,148,90690
,148,90691
14,148,90692
,149,90693
,149,90694
,149,90695
,150,90696
19,151,90699
20,151,90700
21,151,90701
22,151,90702
23,151,90703
24,151,90704
27,151,90707
28,152,90708
29,152,90709
30,152,90710
31,152,90711
32,152,90712
33,152,90713
34,152,90714
35,152,90715
361,152,90716
362,152,90717
38,153,90718
39,153,90719
40,153,90720
41,153,90721
42,153,90722
43,153,90723
47,153,90727
48,153,90728
1,153,90729
50,153,90730
51,153,90731
52,154,90732
53,154,90733
54,154,90734
55,154,90735
56,154,90736
57,154,90737
58,154,90738
59,154,90739
60,154,90740
61,154,90741
62,154,90742
63,154,90743
64,155,90744
65,155,90745
66,155,90746
67,155,90747
68,155,90748
71,156,90751
72,156,90752
73,156,90753
,157,90755
,157,90756
77,157,90757
78,158,90758
,159,90762
82,160,90768
83,160,90769
84,160,90770
8622,160,90771
8623,160,90772
8624,160,90773
,166,90788
,166,90789
3,167,90790
,167,90791
,167,90792
,168,90793
,169,90794
,169,90795
0,170,90798
1,170,90799
2,170,90800
11,171,90801
12,171,90802
2,171,90803
3,171,90804
3,171,90805
4,171,90806
,173,90811
,173,90812
6,173,90813
0,174,90814
1,174,90815
7,175,90819
8,175,90820
9,175,90821
9,175,90822
10,175,90823
,176,90824
,176,90825
,177,90826
11,177,90827
12,177,90828
13,178,90829
36,178,90832
37,179,90833
,179,90834
14,179,90835
,180,90836
1,180,90837
16,180,90838
17,181,90839
117,181,90840
118,181,90841
110,181,90842
19,181,90843
20,181,90844
,182,90845
21,183,90846
22,183,90847
23,183,90848
2,183,90849
25,183,90850
26,183,90851
27,183,90852
28,183,90853
29,183,90854
30,183,90855
31,183,90856
32,183,90857
33,183,90858
34,184,90859
35,184,90860
36,184,90861
37,184,90862
38,184,90863
39,184,90864
40,184,90865
41,184,90866
42,184,90867
43,184,90868
6,185,90871
7,185,90872
48,185,90873
49,185,90874
50,185,90875
51,185,90876
52,185,90877
53,185,90878
54,185,90879
55,186,90880
56,186,90881
57,186,90882
58,186,90883
59,186,90884
60,186,90885
61,186,90886
62,186,90887
63,186,90888
64,186,90889
65,186,90890
66,186,90891
67,187,90892
68,187,90893
69,187,90894
70,187,90895
71,187,90896
72,187,90897
75,187,90900
76,187,90901
77,188,90902
78,188,90903
79,188,90904
80,188,90905
81,188,90906
85,188,90910
86,188,90911
87,189,90912
88,189,90913
89,189,90914
90,189,90915
91,189,90916
92,189,90917
3,189,90918
4,189,90919
5,189,90920
96,189,90921
97,189,90922
198,190,90923
99,190,90924
190,190,90925
101,190,90926
,191,90927
9,192,90933
10,192,90934
11,192,90935
3,192,90936
1051114,192,90937
1051115,192,90938
6,192,90939
1081220,192,90940
00251,192,90941
20,192,90942
21,193,90943
112,193,90944
113,193,90945
114,193,90946
115,193,90947
116,193,90948
117,195,90949
2,195,90950
3,195,90951
,196,90953
,197,90954
,197,90955
,198,90956
,198,90957
,198,90958
0,199,90959
1,199,90960
2,199,90961
3,199,90962
4,199,90963
,200,90964
1,200,90965
,200,90966
4,201,90967
5,201,90968
6,201,90969
7,201,90970
7,201,90971
8,201,90972
11,202,90973
7,202,90974
8,202,90975
2,202,90976
3,203,90977
9,203,90978
10,203,90979
11,203,90980
11,203,90981
12,203,90982
13,204,90983
4018,204,90984
4019,204,90985
4712171,204,90986
4712172,204,90987
4712173,204,90988
13,205,90990
14,205,90991
15,205,90992
15,205,90993
160,205,90994
,206,90995
,206,90996
18,206,90997
19,207,90998
19,207,90999
20,207,91000
21,207,91001
310,207,91002
311,207,91003
23,207,91004
,208,91005
24,209,91006
25,209,91007
26,209,91008
27,209,91009
28,209,91010
29,209,91011
30,209,91012
31,209,91013
32,209,91014
33,209,91015
34,209,91016
35,209,91017
1,210,91018
37,210,91019
38,210,91020
39,210,91021
40,210,91022
42,210,91024
43,210,91025
44,210,91026
45,210,91027
46,210,91028
47,210,91029
48,210,91030
49,210,91031
50,210,91032
51,211,91033
52,211,91034
53,211,91035
55,211,91037
56,211,91038
57,211,91039
58,211,91040
59,211,91041
60,211,91042
61,211,91043
62,212,91044
63,212,91045
64,212,91046
65,212,91047
66,212,91048
67,212,91049
68,212,91050
69,212,91051
70,212,91052
71,213,91053
72,213,91054
73,213,91055
74,213,91056
75,213,91057
76,213,91058
77,213,91059
78,213,91060
79,213,91061
80,213,91062
81,214,91063
82,214,91064
83,214,91065
84,214,91066
85,214,91067
86,214,91068
87,214,91069
88,215,91070
89,215,91071
90,215,91072
91,215,91073
92,215,91074
193,216,91075
194,216,91076
95,216,91077
96,216,91078
,217,91079
2,218,91086
3,218,91087
9,218,91088
9,218,91089
1,218,91090
14011,218,91091
1,218,91092
1,218,91093
11,218,91094
13,218,91095
1,218,91096
2,218,91097
108,219,91098
109,219,91099
110,219,91100
111,219,91101
112,221,91102
4,221,91105
5,221,91106
,222,91107
,222,91108
,223,91109
,223,91110
,224,91111
,224,91112
,224,91113
,225,91114
,225,91115
2,225,91116
3,226,91117
,227,91122
,227,91123
,227,91124
3,228,91125
,229,91126
,229,91127
6,229,91128
4,230,91129
,231,91130
,231,91131
8,231,91132
,232,91133
9,232,91134
10,232,91135
,233,91136
11,233,91137
,233,91138
,234,91139
13,235,91140
14,235,91141
15,235,91142
16,235,91143
17,235,91144
19,236,91146
20,236,91147
21,236,91148
22,237,91149
23,237,91150
2,237,91151
25,237,91152
26,237,91153
27,237,91154
28,238,91155
29,238,91156
30,238,91157
31,238,91158
32,238,91159
33,238,91160
34,239,91161
35,239,91162
36,239,91163
37,239,91164
38,240,91165
39,240,91166
40,240,91167
1,240,91168
2,240,91169
43,240,91170
44,241,91171
45,241,91172
46,241,91173
7,241,91174
,242,91175
,242,91176
50,242,91177
