1.0-v
1,13,82000
2,13,82001
3,13,82002
4,13,82003
,14,82004
,14,82005
,15,82006
,15,82007
,16,82008
,17,82009
,17,82010
1,18,82011
2,18,82012
3,19,82013
,20,82014
,20,82015
6,21,82016
,22,82017
3,24,82018
1,24,82019
2,24,82020
3,24,82021
1,24,82023
2,25,82024
5,25,82025
6,25,82026
7,25,82027
7,25,82028
8,25,82029
9,26,82030
10,26,82033
11,26,82034
12,26,82035
13,26,82036
15,27,82037
16,27,82038
17,27,82039
16,27,82040
17,27,82041
18,28,82042
18,28,82043
19,28,82044
201,28,82045
21,28,82046
22,29,82047
22,29,82048
23,29,82049
24,29,82050
2,29,82051
25,29,82052
26,29,82053
27,29,82054
28,30,82055
2,30,82056
3,30,82057
34,30,82061
35,30,82062
36,30,82063
37,30,82064
38,30,82065
397,30,82066
40,30,82067
41,31,82068
2,31,82069
43,31,82070
44,31,82071
45,31,82072
46,31,82073
7,31,82074
48,31,82075
49,31,82076
50,31,82077
51,31,82078
52,31,82079
53,32,82080
54,32,82081
55,32,82082
56,32,82083
57,32,82084
58,32,82085
59,32,82086
160,32,82087
61,32,82088
62,32,82089
63,32,82090
64,32,82091
65,32,82092
66,32,82093
67,32,82094
76,33,82103
77,33,82104
78,33,82105
79,33,82106
80,33,82107
81,34,82108
82,34,82109
83,34,82110
84,34,82111
85,34,82112
86,34,82113
87,34,82114
88,34,82115
89,34,82116
,35,82117
,35,82118
,36,82119
,37,82120
,38,82121
91,39,82123
92,39,82124
93,39,82125
94,39,82126
95,39,82127
96,39,82128
97,39,82129
98,39,82130
99,39,82131
100,39,82132
101,39,82133
102,39,82134
103,39,82135
104,39,82136
1,43,82137
2,43,82138
3,43,82139
4,43,82140
5,43,82141
6,43,82142
7,43,82143
,44,82144
,44,82145
,45,82146
,45,82147
1,46,82148
2,46,82149
1,47,82154
2,47,82155
3,48,82156
3,48,82157
4,48,82158
3,48,82159
4,49,82160
4,49,82161
5,49,82162
0,50,82165
1,50,82166
2,50,82167
3,50,82168
4,51,82169
4,51,82170
5,51,82171
6,51,82172
7,52,82173
7,52,82174
8,52,82175
9,52,82176
10,52,82177
11,53,82178
11,53,82179
12,53,82180
13,53,82181
14,53,82182
15,54,82183
16,54,82184
17,54,82185
18,54,82186
19,54,82187
20,54,82188
21,54,82189
22,54,82190
23,54,82191
24,54,82192
25,54,82193
26,54,82194
27,54,82195
28,54,82196
29,54,82197
30,54,82198
31,54,82199
32,54,82200
33,54,82201
34,54,82202
35,54,82203
36,54,82204
37,54,82205
38,54,82206
39,55,82207
40,55,82208
41,55,82209
42,55,82210
3,55,82211
4,55,82212
45,55,82213
46,55,82214
7,55,82215
48,55,82216
49,55,82217
50,55,82218
51,55,82219
52,55,82220
53,56,82221
54,56,82222
55,56,82223
56,56,82224
57,56,82225
58,56,82226
59,56,82227
60,56,82228
61,56,82229
62,56,82230
63,56,82231
64,56,82232
65,56,82233
66,57,82234
67,57,82235
68,57,82236
69,57,82237
70,57,82238
71,57,82239
72,57,82240
13,57,82241
14,57,82242
15,57,82243
16,57,82244
17,57,82245
18,57,82246
79,58,82247
80,58,82248
81,58,82249
82,58,82250
83,58,82251
84,58,82252
86,58,82254
87,58,82255
88,58,82256
89,58,82257
90,58,82258
91,59,82259
92,59,82260
93,59,82261
94,59,82262
195,59,82263
96,59,82264
97,59,82265
98,59,82266
99,59,82267
100,59,82268
101,59,82269
102,59,82270
103,60,82271
10,60,82272
11,60,82273
107,60,82275
108,60,82276
109,61,82277
110,61,82278
111,61,82279
118,62,82286
119,62,82287
120,62,82288
121,62,82289
122,62,82290
1128,63,82296
1129,63,82297
1130,63,82298
1131,63,82299
132,63,82300
133,63,82301
13416,63,82302
135,63,82303
,64,82304
,65,82305
136,66,82306
137,66,82307
138,66,82308
139,66,82309
140,66,82310
141,66,82311
142,66,82312
144,66,82314
145,66,82315
146,66,82316
147,66,82317
148,66,82318
150,66,82320
151,67,82321
152,67,82322
155,67,82325
156,67,82326
157,67,82327
158,67,82328
159,67,82329
160,67,82330
161,67,82331
162,67,82332
163,67,82333
164,67,82334
1,69,82335
2,69,82336
3,69,82337
4,69,82338
5,69,82339
6,69,82340
7,69,82341
,70,82342
,70,82343
,71,82344
,71,82345
,71,82346
1,72,82347
,72,82348
2,73,82349
3,73,82350
2,73,82353
3,74,82354
4,74,82355
0,75,82361
1,75,82362
2,75,82363
3,75,82364
3,75,82365
4,75,82366
3,76,82367
5,76,82368
6,76,82369
7,76,82370
7,76,82371
8,76,82372
9,76,82373
9,77,82374
10,77,82375
11,77,82376
12,77,82377
112,77,82378
13,77,82379
14,78,82380
15,78,82381
16,78,82382
17,78,82383
18,78,82384
19,78,82385
20,78,82386
21,78,82387
22,78,82388
23,78,82389
24,78,82390
25,78,82391
26,78,82392
27,78,82393
28,78,82394
29,78,82395
30,78,82396
31,78,82397
32,78,82398
33,78,82399
34,78,82400
359,78,82401
360,78,82402
37,78,82403
38,78,82404
39,79,82405
40,79,82406
41,79,82407
42,79,82408
43,79,82409
44,79,82410
5,79,82411
46,79,82412
7,79,82413
48,79,82414
49,79,82415
50,79,82416
51,79,82417
52,79,82418
53,79,82419
54,79,82420
55,79,82421
56,79,82422
57,79,82423
58,79,82424
59,79,82425
60,79,82426
61,80,82427
62,80,82428
63,80,82429
64,80,82430
65,80,82431
66,80,82432
67,80,82433
68,80,82434
69,80,82435
70,80,82436
71,80,82437
72,80,82438
73,80,82439
74,81,82440
76,81,82442
77,81,82443
78,81,82444
79,81,82445
80,81,82446
81,81,82447
82,81,82448
84,81,82450
85,81,82451
869,81,82452
870,82,82453
88,82,82454
89,82,82455
90,82,82456
191,82,82457
192,82,82458
93,82,82459
94,82,82460
195,82,82461
96,82,82462
97,82,82463
98,82,82464
199,82,82465
100,83,82466
101,83,82467
102,83,82468
103,83,82469
104,83,82470
105,83,82471
106,83,82472
107,83,82473
108,83,82474
109,83,82475
117,85,82483
118,85,82484
119,85,82485
123,85,82489
124,85,82490
125,85,82491
,86,82492
,87,82493
126,88,82494
127,88,82495
128,88,82496
129,88,82497
130,88,82498
131,88,82499
132,88,82500
133,88,82501
134,88,82502
135,88,82503
1136,88,82504
137,88,82505
138,88,82506
139,88,82507
140,88,82508
141,88,82509
142,88,82510
1434,88,82511
1435,88,82512
145,88,82513
146,89,82514
149,89,82517
150,89,82518
151,89,82519
152,89,82520
153,89,82521
154,89,82522
155,89,82523
156,89,82524
157,89,82525
158,89,82526
159,89,82527
160,89,82528
161,89,82529
1,91,82530
2,91,82531
3,91,82532
4,91,82533
5,91,82534
6,91,82535
7,91,82536
,92,82537
,92,82538
,93,82539
,93,82540
,93,82541
1,94,82542
,94,82543
,94,82544
2,95,82545
,95,82546
,95,82547
,96,82548
,96,82549
100,97,82550
1,97,82551
2,97,82552
3,97,82553
3,97,82554
4,97,82555
3,98,82556
5,98,82557
6,98,82558
7,98,82559
7,98,82560
8,98,82561
9,98,82562
10,98,82563
11,99,82564
11,99,82565
12,99,82566
14,99,82568
15,100,82569
16,100,82570
17,100,82571
18,100,82572
19,100,82573
20,100,82574
21,100,82575
22,100,82576
23,100,82577
24,100,82578
26,100,82580
27,100,82581
28,100,82582
29,100,82583
30,100,82584
31,100,82585
32,100,82586
333,100,82587
334,100,82588
35,100,82589
36,100,82590
37,100,82591
38,100,82592
39,100,82593
40,101,82594
1,101,82595
42,101,82596
43,101,82597
44,101,82598
45,101,82599
46,101,82600
7,101,82601
48,101,82602
49,101,82603
50,101,82604
51,101,82605
52,101,82606
53,101,82607
54,101,82608
55,101,82609
56,101,82610
57,102,82611
198,107,82668
199,107,82669
200,107,82670
117,107,82671
118,107,82672
120,107,82674
121,107,82675
,108,82676
,108,82677
,109,82678
1,109,82679
122,110,82680
123,110,82681
126,110,82682
127,110,82683
126,110,82684
127,110,82685
128,110,82686
129,110,82687
130,110,82688
131,110,82689
132,110,82690
133,110,82691
134,110,82692
135,110,82693
136,110,82694
137,110,82695
138,110,82696
139,110,82697
140,110,82698
141,110,82699
142,111,82700
145,111,82703
146,111,82704
447,111,82705
148,111,82706
149,111,82707
150,111,82708
151,111,82709
152,111,82710
153,111,82711
154,111,82712
155,111,82713
156,111,82714
157,111,82715
158,111,82716
1,115,82717
2,115,82718
3,115,82719
4,115,82720
5,115,82721
,116,82722
2,117,82723
,117,82724
,117,82725
,119,82730
1,119,82731
,119,82732
0,120,82733
1,120,82734
2,120,82735
3,120,82736
4,120,82737
5,120,82738
5,121,82739
6,121,82740
7,121,82741
7,121,82742
8,121,82743
9,121,82744
10,122,82745
1,122,82746
12,122,82747
13,122,82748
14,122,82749
15,122,82750
16,122,82751
17,122,82752
18,122,82753
19,122,82754
20,122,82755
21,122,82756
22,122,82757
23,122,82758
24,123,82759
25,123,82760
26,123,82761
27,123,82762
28,123,82763
29,123,82764
30,123,82765
31,123,82766
32,123,82767
33,123,82768
34,123,82769
35,123,82770
36,123,82771
37,123,82772
38,123,82773
39,124,82774
40,124,82775
41,124,82776
42,124,82777
43,124,82778
44,124,82779
45,124,82780
46,124,82781
47,124,82782
48,125,82783
49,125,82784
50,125,82785
51,125,82786
52,125,82787
53,125,82788
54,125,82789
55,125,82790
56,125,82791
57,125,82792
58,125,82793
59,125,82794
60,125,82795
61,125,82796
62,125,82797
63,125,82798
64,125,82799
65,125,82800
66,126,82801
67,126,82802
68,126,82803
69,126,82804
72,126,82807
73,126,82808
74,126,82809
15,126,82810
16,126,82811
79,127,82814
80,127,82815
81,127,82816
8211,127,82817
83,127,82818
84,127,82819
85,128,82820
86,128,82821
87,128,82822
194,128,82829
195,129,82830
96,129,82831
97,129,82832
98,129,82833
99,129,82834
100,129,82835
,130,82837
,130,82838
,130,82839
,131,82840
,131,82841
109,132,82849
110,132,82850
111,132,82851
112,132,82852
113,132,82853
114,132,82854
115,132,82855
7,133,82856
8,133,82857
7,133,82858
8,133,82859
7,133,82860
7,133,82861
7,133,82862
8,133,82863
124,133,82864
125,133,82865
1126,133,82866
127,133,82867
128,133,82868
129,133,82869
130,133,82870
1,135,82871
2,135,82872
3,135,82873
4,135,82874
5,135,82875
,136,82876
,136,82877
,137,82878
,137,82879
,137,82880
1,138,82881
1,138,82882
2,138,82883
2,139,82892
3,140,82893
4,140,82894
6,140,82895
7,140,82896
8,141,82897
,142,82902
5,142,82903
,142,82904
,143,82905
,143,82906
,143,82907
2,144,82908
1,144,82909
2,144,82910
3,144,82911
4,144,82912
4,145,82913
5,145,82914
6,145,82915
7,145,82916
8,145,82917
9,146,82918
10,146,82920
11,146,82921
12,146,82922
13,147,82923
13,147,82924
14,147,82925
16,148,82928
17,148,82929
18,148,82930
19,149,82931
20,149,82933
21,149,82934
22,149,82935
23,149,82936
24,149,82937
25,150,82938
27,150,82940
28,150,82941
29,150,82942
30,150,82943
31,150,82944
32,150,82945
33,150,82946
34,150,82947
35,151,82948
36,151,82949
37,151,82950
38,151,82951
39,151,82952
40,151,82953
41,151,82954
42,151,82955
43,151,82956
4,151,82957
45,152,82958
46,152,82959
47,152,82960
48,152,82961
49,152,82962
50,152,82963
51,152,82964
52,152,82965
53,152,82966
54,152,82967
55,152,82968
561,152,82969
57,152,82970
58,152,82971
59,153,82972
60,153,82973
61,153,82974
62,153,82975
63,153,82976
64,153,82977
65,153,82978
66,153,82979
67,153,82980
68,153,82981
69,153,82982
70,153,82983
71,153,82984
72,153,82985
73,153,82986
74,153,82987
75,153,82988
76,153,82989
7,154,82990
78,154,82991
719,154,82992
720,154,82993
811,154,82994
82,154,82995
83,154,82996
84,154,82997
85,154,82998
86,154,82999
87,154,83000
88,154,83001
89,155,83002
90,155,83003
91,155,83004
92,155,83005
93,155,83006
94,155,83007
95,155,83008
97,156,83010
98,156,83011
99,156,83012
1100,156,83013
1101,156,83014
102,156,83015
103,156,83016
105,157,83018
106,157,83019
107,157,83020
108,157,83021
109,157,83022
110,157,83023
111,157,83024
,158,83025
,159,83026
114,160,83029
115,160,83030
116,160,83031
117,160,83032
118,160,83033
119,160,83034
120,160,83035
121,160,83036
122,160,83037
123,160,83038
126,160,83039
125,160,83040
126,160,83041
127,161,83042
128,161,83043
129,161,83044
130,161,83045
131,161,83046
132,161,83047
133,161,83048
134,161,83049
135,161,83050
136,161,83051
137,161,83052
138,161,83053
139,161,83054
7,163,83055
2,163,83056
3,163,83057
4,163,83058
5,163,83059
6,163,83060
,164,83061
,164,83062
,164,83063
,165,83064
,165,83065
1,166,83066
2,166,83067
,166,83068
3,167,83069
4,167,83070
,169,83077
,169,83078
,169,83079
0,170,83080
1,170,83081
2,170,83082
3,170,83083
3,170,83084
4,170,83085
4,171,83086
5,171,83087
6,171,83088
6,171,83089
7,171,83090
8,171,83091
9,172,83092
9,172,83093
10,172,83094
11,172,83095
12,172,83096
112,172,83097
13,172,83098
14,173,83099
14,173,83100
15,173,83101
16,173,83102
16,173,83103
17,173,83104
18,174,83105
19,174,83106
20,174,83107
21,174,83108
22,174,83109
23,174,83110
24,174,83111
25,174,83112
26,174,83113
27,174,83114
28,174,83115
29,174,83116
30,174,83117
31,174,83118
32,174,83119
33,174,83120
34,174,83121
35,174,83122
36,174,83123
37,174,83124
38,175,83125
39,175,83126
4,175,83127
1,175,83128
42,175,83129
43,175,83130
44,175,83131
45,175,83132
6,175,83133
47,175,83134
48,175,83135
49,175,83136
50,175,83137
51,175,83138
52,176,83139
53,176,83140
54,176,83141
55,176,83142
56,176,83143
57,176,83144
58,176,83145
59,176,83146
60,176,83147
61,176,83148
62,176,83149
63,176,83150
64,176,83151
65,176,83152
66,176,83153
67,176,83154
68,176,83155
71,177,83158
72,177,83159
73,177,83160
74,177,83161
75,177,83162
77,177,83164
78,177,83165
719,177,83166
80,177,83167
81,178,83168
82,178,83169
83,178,83170
84,178,83171
85,178,83172
86,178,83173
87,178,83174
88,178,83175
89,178,83176
90,179,83177
91,179,83178
92,179,83179
93,179,83180
94,179,83181
95,179,83182
96,179,83183
97,180,83184
98,180,83185
99,180,83186
100,180,83187
103,180,83190
104,181,83191
105,181,83192
106,181,83193
107,181,83194
108,181,83195
4,182,83196
,182,83197
,183,83198
,183,83199
113,184,83204
114,184,83205
115,184,83206
116,184,83207
117,184,83208
118,184,83209
120,184,83211
121,184,83212
122,184,83213
1123,184,83214
124,184,83215
1125,184,83216
4,185,83217
5,185,83218
130,185,83221
131,185,83222
132,185,83223
133,185,83224
134,185,83225
1,189,83226
2,189,83227
3,189,83228
4,189,83229
52,189,83230
6,189,83231
,190,83232
,190,83233
,191,83234
,191,83235
1,192,83236
,192,83237
,192,83238
2,193,83239
3,194,83240
4,194,83241
5,195,83248
6,196,83249
7,196,83250
62,197,83253
63,197,83254
63,197,83255
63,197,83256
,198,83257
66,198,83258
66,198,83259
67,199,83260
6,199,83261
7,199,83262
8,199,83263
8,199,83264
9,199,83265
10,200,83266
11,200,83267
12,200,83268
13,200,83269
14,200,83270
15,200,83271
16,200,83272
17,200,83273
18,200,83274
19,200,83275
20,200,83276
21,200,83277
22,200,83278
23,200,83279
24,200,83280
25,200,83281
26,200,83282
27,200,83283
28,200,83284
29,200,83285
30,200,83286
31,201,83287
32,201,83288
33,201,83289
34,201,83290
35,201,83291
36,201,83292
37,201,83293
38,201,83294
39,201,83295
40,201,83296
44,202,83300
45,202,83301
46,202,83302
7,202,83303
48,202,83304
49,202,83305
50,202,83306
51,202,83307
52,202,83308
53,202,83309
54,202,83310
55,202,83311
56,202,83312
57,202,83313
58,203,83314
59,203,83315
60,203,83316
61,203,83317
62,203,83318
64,203,83320
65,203,83321
66,203,83322
67,203,83323
68,203,83324
40,203,83326
41,204,83327
72,204,83328
73,204,83329
14,204,83330
15,204,83331
16,204,83332
17,204,83333
78,204,83334
19,204,83335
80,204,83336
81,204,83337
82,204,83338
83,205,83339
84,205,83340
85,205,83341
86,205,83342
87,205,83343
88,205,83344
891,206,83345
90,206,83346
91,206,83347
192,206,83348
93,206,83349
94,206,83350
95,206,83351
96,206,83352
97,207,83353
98,207,83354
101,207,83357
102,208,83358
103,208,83359
108,209,83364
109,209,83365
110,209,83366
111,209,83367
112,209,83368
113,209,83369
114,209,83370
115,209,83371
116,209,83372
,210,83373
,212,83374
,212,83375
,213,83376
122,214,83382
123,214,83383
124,214,83384
125,214,83385
126,214,83386
127,214,83387
128,214,83388
129,215,83389
130,215,83390
131,215,83391
132,215,83392
133,215,83393
134,215,83394
135,215,83395
136,215,83396
137,215,83397
138,215,83398
139,215,83399
100,215,83400
101,215,83401
142,215,83402
143,215,83403
1,217,83404
2,217,83405
3,217,83406
4,217,83407
5,217,83408
,218,83409
,218,83410
,219,83411
,219,83412
1,220,83413
,220,83414
0,220,83415
2,221,83416
,221,83417
3,222,83418
,223,83419
1,223,83420
2,223,83421
,224,83422
3,224,83423
,224,83424
4,225,83425
5,225,83426
6,225,83427
28,225,83428
29,225,83429
8,225,83430
9,226,83431
101,226,83432
102,226,83433
12,226,83434
13,226,83435
14,226,83436
15,226,83437
16,226,83438
18,226,83440
19,227,83441
20,227,83442
21,227,83443
22,227,83444
23,227,83445
24,227,83446
25,227,83447
26,227,83448
27,227,83449
28,227,83450
29,227,83451
30,227,83452
3101,228,83453
32,228,83454
331,228,83455
34,228,83456
35,228,83457
36,228,83458
37,228,83459
38,228,83460
39,228,83461
40,228,83462
41,229,83463
42,229,83464
43,229,83465
44,229,83466
6,229,83468
7,229,83469
8,230,83470
49,230,83471
50,230,83472
51,230,83473
52,230,83474
53,230,83475
54,230,83476
55,230,83477
56,230,83478
57,230,83479
58,231,83480
59,231,83481
60,231,83482
61,231,83483
62,231,83484
63,231,83485
64,231,83486
65,231,83487
66,231,83488
67,231,83489
68,232,83490
69,232,83491
70,232,83492
71,232,83493
72,232,83494
73,232,83495
74,232,83496
75,232,83497
76,232,83498
77,232,83499
78,232,83500
79,232,83501
80,232,83502
81,232,83503
82,232,83504
83,232,83505
84,232,83506
85,233,83507
86,233,83508
87,233,83509
88,233,83510
89,233,83511
90,233,83512
91,234,83513
92,234,83514
93,234,83515
94,234,83516
95,234,83517
96,234,83518
97,234,83519
98,234,83520
199,234,83521
200,235,83522
101,235,83523
102,235,83524
103,235,83525
,236,83529
5,237,83530
6,238,83531
110,238,83534
111,238,83535
112,238,83536
113,238,83537
117,238,83541
118,238,83542
119,238,83543
120,239,83544
123,239,83547
124,239,83548
125,239,83549
126,239,83550
127,239,83551
128,239,83552
1129,239,83553
130,239,83554
131,239,83555
132,239,83556
133,239,83557
1,241,83558
2,241,83559
34,241,83560
4,241,83561
5,241,83562
6,241,83563
7,241,83564
,242,83565
,242,83566
,243,83567
,243,83568
1,244,83569
2,245,83570
3,246,83571
4,247,83572
,248,83573
1,248,83574
2,248,83575
,249,83576
3,249,83577
,249,83578
5,250,83580
6,250,83581
7,250,83582
8,250,83583
9,250,83584
,251,83585
10,251,83586
11,251,83587
12,252,83588
13,252,83589
14,252,83590
15,252,83591
16,252,83592
17,252,83593
18,252,83594
19,252,83595
20,252,83596
21,252,83597
22,252,83598
23,253,83599
24,253,83600
25,253,83601
26,253,83602
27,253,83603
28,253,83604
29,253,83605
30,253,83606
31,253,83607
32,253,83608
33,253,83609
34,253,83610
35,254,83611
36,254,83612
37,254,83613
38,254,83614
39,254,83615
40,254,83616
1,254,83617
2,254,83618
43,254,83619
44,254,83620
5,254,83621
6,254,83622
47,254,83623
48,255,83624
49,255,83625
50,255,83626
51,255,83627
52,255,83628
53,255,83629
54,255,83630
55,255,83631
56,255,83632
57,256,83633
58,256,83634
59,256,83635
60,256,83636
61,256,83637
62,256,83638
63,256,83639
64,256,83640
65,256,83641
66,256,83642
67,256,83643
68,256,83644
69,256,83645
70,256,83646
1,256,83647
2,256,83648
73,256,83649
74,256,83650
75,257,83651
76,257,83652
77,257,83653
18,257,83654
19,258,83655
80,258,83656
81,258,83657
82,258,83658
84,258,83660
85,258,83661
86,259,83662
87,259,83663
88,259,83664
189,259,83665
190,259,83666
191,259,83667
923,259,83668
93,259,83669
94,259,83670
195,260,83671
,260,83672
97,261,83673
98,261,83674
199,261,83675
100,261,83676
101,261,83677
,262,83678
,262,83679
3,263,83680
4,264,83681
107,264,83686
108,264,83687
109,264,83688
110,264,83689
111,264,83690
112,264,83691
113,264,83692
116,264,83693
117,264,83694
118,265,83697
119,265,83698
120,265,83699
3,265,83700
3,265,83701
3,265,83702
3,265,83703
4,265,83704
126,265,83705
127,265,83706
128,269,83707
2,269,83708
3,269,83709
4,269,83710
5,269,83711
6,269,83712
,270,83713
,270,83714
,271,83715
,271,83716
1,272,83717
,272,83718
,273,83719
,273,83720
0,274,83721
1,274,83722
2,274,83723
3,274,83724
3,274,83725
4,274,83726
6,275,83729
7,275,83730
8,276,83731
10,276,83733
11,276,83734
12,276,83735
13,276,83736
14,276,83737
15,276,83738
16,276,83739
17,276,83740
18,276,83741
19,276,83742
21,276,83744
22,276,83745
23,276,83746
24,276,83747
25,276,83748
26,277,83749
27,277,83750
28,277,83751
29,277,83752
30,277,83753
310,277,83754
32,277,83755
33,277,83756
34,277,83757
35,277,83758
36,277,83759
37,277,83760
38,277,83761
39,277,83762
40,277,83763
41,277,83764
2,278,83765
43,278,83766
44,278,83767
45,278,83768
46,278,83769
47,278,83770
48,278,83771
49,278,83772
50,278,83773
51,278,83774
52,278,83775
53,279,83776
54,279,83777
55,279,83778
56,279,83779
58,279,83781
59,279,83782
60,279,83783
63,279,83786
64,279,83787
65,280,83788
66,280,83789
67,280,83790
68,280,83791
69,280,83792
70,281,83793
,282,83800
,282,83801
,283,83802
,283,83803
81,284,83806
82,284,83807
83,284,83808
8,284,83809
85,284,83810
86,284,83811
87,284,83812
88,284,83813
89,284,83814
90,284,83815
91,284,83816
92,284,83817
93,285,83818
94,285,83819
95,285,83820
96,285,83821
97,285,83822
98,285,83823
99,285,83824
100,285,83825
101,285,83826
102,285,83827
103,285,83828
104,285,83829
105,285,83830
106,285,83831
1,287,83832
2,287,83833
3,287,83834
446,287,83835
,288,83836
,288,83837
,289,83838
,289,83839
1,290,83840
,290,83841
,291,83842
2,292,83843
3,293,83844
1,293,83845
2,293,83846
0,294,83848
1,294,83849
2,294,83850
2,294,83851
3,294,83852
4,294,83853
,295,83854
5,295,83855
,295,83856
11,296,83861
12,296,83862
13,296,83863
14,296,83864
15,296,83865
16,296,83866
17,296,83867
18,296,83868
19,296,83869
20,296,83870
21,296,83871
22,296,83872
23,296,83873
24,296,83874
25,297,83875
26,297,83876
27,297,83877
28,297,83878
29,297,83879
30,297,83880
31,297,83881
32,297,83882
33,297,83883
34,297,83884
35,297,83885
36,297,83886
37,297,83887
38,297,83888
39,297,83889
4,297,83890
5,297,83891
42,298,83892
43,298,83893
44,298,83894
45,298,83895
46,298,83896
50,299,83900
51,299,83901
52,299,83902
53,299,83903
54,299,83904
55,299,83905
56,299,83906
57,300,83907
58,300,83908
59,300,83909
60,300,83910
61,301,83911
62,301,83912
63,301,83913
64,301,83914
65,301,83915
66,302,83916
,302,83917
,302,83918
69,303,83919
70,303,83920
6,303,83923
7,303,83924
8,303,83925
,304,83926
,305,83927
3,306,83928
,307,83929
76,308,83930
77,308,83931
78,308,83932
79,308,83933
80,308,83934
81,308,83935
82,308,83936
83,308,83937
84,308,83938
7,308,83939
86,308,83940
87,308,83941
88,309,83942
92,309,83946
93,309,83947
94,309,83948
7,309,83949
8,309,83950
97,309,83951
98,311,83952
2,311,83953
3,311,83954
4,311,83955
5,311,83956
,312,83957
,312,83958
,313,83959
,313,83960
,314,83961
,314,83962
,315,83963
1,316,83964
,316,83965
,316,83966
,317,83967
,317,83968
,317,83969
3,318,83970
4,318,83971
,319,83974
,319,83975
,320,83976
,320,83977
,320,83978
2,321,83982
3,321,83983
4,321,83984
5,322,83986
6,322,83987
7,322,83988
,323,83989
8,323,83990
19,323,83991
5,324,83992
,324,83993
,324,83994
,325,83995
,325,83996
13,325,83997
14,326,83998
15,326,83999
16,326,84000
17,326,84001
18,326,84002
19,326,84003
20,326,84004
21,326,84005
22,326,84006
23,326,84007
24,326,84008
25,326,84009
26,326,84010
27,326,84011
28,326,84012
29,326,84013
30,326,84014
31,326,84015
32,327,84016
33,327,84017
3,327,84018
35,327,84019
36,327,84020
37,327,84021
38,327,84022
39,327,84023
40,327,84024
41,327,84025
2,327,84026
43,327,84027
44,328,84028
45,328,84029
46,328,84030
47,328,84031
48,328,84032
491,328,84033
50,328,84034
31,328,84035
52,328,84036
53,328,84037
54,329,84038
55,329,84039
56,329,84040
57,329,84041
582,329,84042
59,329,84043
60,330,84044
61,330,84045
62,330,84046
63,330,84047
64,330,84048
65,330,84049
66,331,84050
67,331,84051
68,331,84052
69,331,84053
70,331,84054
71,331,84055
72,331,84056
73,331,84057
74,331,84058
15,331,84059
76,331,84060
7,332,84061
78,332,84062
79,332,84063
80,332,84064
81,332,84065
82,332,84066
83,332,84067
84,332,84068
85,332,84069
86,332,84070
87,332,84071
88,332,84072
89,332,84073
90,333,84074
91,333,84075
92,333,84076
93,333,84077
94,333,84078
95,334,84079
96,334,84080
100,334,84084
101,334,84085
102,334,84086
103,335,84087
106,335,84088
105,335,84089
106,335,84090
107,335,84091
108,335,84092
109,336,84093
110,336,84094
119,337,84103
120,337,84104
,338,84105
122,338,84106
1192,338,84107
1193,339,84108
125,339,84109
126,339,84110
127,339,84111
128,339,84112
129,339,84113
130,339,84114
13116,339,84115
1321,339,84116
,340,84117
,341,84118
3,342,84119
4,343,84120
,343,84121
133,344,84122
134,344,84123
135,344,84124
136,344,84125
137,344,84126
138,344,84127
139,344,84128
140,344,84129
141,344,84130
142,344,84131
143,344,84132
144,345,84133
145,345,84134
146,345,84135
167,345,84136
168,345,84137
149,345,84138
150,345,84139
151,345,84140
